Numero de Veiculos: 26
Distancia Total: 4743.65
Tempo de Execucao (segundos): 145.3956
Viavel: True
Violacao Total: 0.0
Semente: 42
Parametros ED: NP=50, F=0.6, CR=0.85, MAX_GERACOES=300
Rotas:
Rota 1: 190 5 10 193 46 128 4 72 188 108
Rota 2: 73 66 12 160 47 14 89 105 15 149
Rota 3: 93 104 18 35 126 37 81 187 142 63 56
Rota 4: 21 19 13 68 76 96 130 28 74
Rota 5: 30 120 26 152 40 153 79 29 92 59
Rota 6: 45 178 27 173 154 25 139 179
Rota 7: 114 50 112 172 77 110 189
Rota 8: 113 82 143 176 125 106 121 165 95
Rota 9: 170 134 182 75 163 145 195 52 42 123
Rota 10: 177 3 58 184 199 138 137 183
Rota 11: 118 119 166 71 9 1 99 53
Rota 12: 20 41 85 80 31 24 61 100 64 109
Rota 13: 116 147 91 70
Rota 14: 159 38 150 22 151 16 140 111
Rota 15: 101 55 135 54 185 132 98 157
Rota 16: 164 103 197 124 141 69 200 162
Rota 17: 32 171 65 86 115 94 51 174 136
Rota 18: 57 78 175 43 2 90 67 17 39 107
Rota 19: 161 88 8 186 127 7 181 117 49
Rota 20: 60 180 84 191 36 33 167 34 158
Rota 21: 155 129 11 6 122
Rota 22: 62 131 44 102 146 194 198
Rota 23: 23 156 168 169 87
Rota 24: 133 48 192 196 97
Rota 25: 144 83
Rota 26: 148
